id;prix
1;3.70431606935
2;3.84018352144
3;24.1627348557
4;36.7145399755
5;175.555013712
6;23.6774757986
7;1.93850537597
8;523.808575439
9;16.8462121965
10;8.26523998087
11;3.03091258299
12;5.31056686702
13;13.2270815056
14;5.82820843302
15;23.0305923008
16;235.38539108
17;3.42412486613
18;7.33504639544
19;3.80004114826
20;5.15074642998
21;9.47500027018
22;1.58950273775
23;22.1093234283
24;9.50908915722
25;7.94848406243
26;5.32517820556
27;3.4297562636
28;6.48424548165
29;13.6482606781
30;2.75243525121
31;9.64469255471
32;11.3157716313
33;5.28112818834
34;14.7357527957
35;7.33036669621
36;3.52650457424
37;45.1408826515
38;24.7216867935
39;15.2482918818
40;98.8958268403
41;5.97487350169
42;18.63
43;1.69269912219
44;8.3049908882
45;2.84622003199
46;5.84720195763
47;31.8142659889
48;8.13860737502
49;14.0832885948
50;7.53662621671
51;6.46557035094
52;6.31316230266
53;4.92609023638
54;17.9118868775
55;127.620646926
56;3.25184810278
57;5.45321609147
58;6.35366724332
59;4.40069640254
60;14.3857916106
61;7.5531670356
62;184.575108064
63;5.71266702182
64;4.83563828475
65;6.74146949556
66;1.83022531152
67;9.52886489423
68;9.52886489423
69;30.1369139774
70;9.50908915722
71;1.68785901391
72;11.6046555768
73;4.87318113255
74;7.81030225273
75;2.9184241248
76;9.65778698397
77;5.93457273669
78;3.19996734135
79;10.1965615498
80;7.37815414893
81;70.6485975846
82;7.32726157059
83;18.3026683123
84;5.93476459805
85;7.91220373044
86;35.5136289034
87;2.5899486621
88;7.53364698914
89;7.90786662409
90;18.2446931258
91;22.0938641414
92;1.96854153491
93;29.4647455017
94;1.77541616438
95;6.35996517109
96;7.88841160845
97;58.6301539329
98;11.8635696607
99;1.15387959708
100;64.0315104435
101;4.36355431585
102;34.298632377
103;102.651939415
104;2.46653848871
105;5.21719892602
106;6.14345403471
107;4.74523820358
108;19.6301648079
109;6.22018025339
110;8.59445276661
111;1.83962412554
112;4.97837976362
113;18.6107077715
114;4.592634239
115;1.41788872549
116;18.2585813957
117;2.87359394167
118;3.58356733782
119;6.35999921002
120;1.65534131064
121;22.0169196806
122;1.76178936104
123;25.7638896657
124;172.57720272
125;4.47456723186
126;16.7044525675
127;58.2315426954
128;3.30203801753
129;18.5673789074
130;9.47500027018
131;10.6130976739
132;342.865792751
133;4.80375833628
134;20.194434001
135;17.7878553109
136;4.47584675207
137;10.145075196
138;17.5356094384
139;2.19277735309
140;6.91037096248
141;1.75989704969
142;3.70654768817
143;43.052311032
144;4.18475427338
145;5.02030935812
146;9.18483095275
147;27.2367085895
148;3.65776846925
149;18.4459076038
150;34.049715703
151;19.582457435
152;18.629982174
153;10.0614962426
154;1.51836285407
155;3.96649649407
156;50.189655975
157;2.25368554673
158;2.84292701284
159;2.64570931885
160;8.888870933
161;16.0756399416
162;1.89376270571
163;4.69339470229
164;4.9511971513
165;5.33665763537
166;4.34256955951
167;3.12817656992
168;1.74510122645
169;22.4133866342
170;12.4071625426
171;5.76602177118
172;18.5291469823
173;14.657223027
174;13.6110960953
175;3.44128982965
176;11.48435137
177;9.42828034284
178;6.33936442023
179;33.9264577303
180;69.636684414
181;22.0416098145
182;25.8108083497
183;6.35639841089
184;18.6689675082
185;98.4976827442
186;3.43205725527
187;7.68479401563
188;8.79331944998
189;2.44110986881
190;38.7161117007
191;13.8991713297
192;2.27569823613
193;17.843651617
194;6.36263149498
195;6.04577074179
196;14.4257979925
197;499.189512478
198;6.64336634367
199;58.6513624092
200;48.8356756826
201;4.56443077621
202;12.9952984787
203;9.28205889822
204;4.48464616831
205;10.9705485521
206;36.4222790604
207;6.35153824147
208;17.0550546185
209;35.1419079873
210;25.9320884574
211;17.7324639922
212;2.11232141618
213;19.4616282702
214;80.4894476074
215;23.1605835103
216;19.9472093371
217;72.4272534895
218;12.9288989972
219;34.9531137447
220;9.61304707294
221;13.6948860713
222;4.62809495372
223;5.88038397191
224;5.56675511089
225;4.85083208648
226;10.1832354853
227;18.827386259
228;9.80550041293
229;3.55331034762
230;6.65966183838
231;34.8711123846
232;6.74822502353
233;3.26749376924
234;9.49984947238
235;7.09180022248
236;3.55307492594
237;7.2766464999
238;7.21652524228
239;3.86903221392
240;5.61686318492
241;169.138963011
242;19.5325151454
243;3.80300277445
244;16.9880285175
245;18.7644183333
246;2.20287800714
247;7.64309715518
248;14.1127926218
249;6.35366724332
250;5.66196347903
251;7.09178571787
252;1.99853236476
253;30.1144004706
254;16.4349105942
255;156.816188643
256;10.5525934007
257;7.96949221575
258;16.9038120732
259;10.6001449588
260;2.68311667947
261;7.67856789876
262;4.99967365808
263;5.66166554381
264;6.15208508139
265;92.1884695112
266;3.61991307127
267;18.5018616857
268;2.05426471334
269;5.02915945334
270;12.0495913104
271;3.71379211096
272;15.704118159
273;2.10784245557
274;7.14209921732
275;58.3625842586
276;7.42181544994
277;6.566523065
278;55.1942605719
279;66.2116901578
280;6.92948052368
281;55.1574965887
282;1.76980144625
283;187.74886809
284;2.11232141618
285;7.14209921732
286;7.37819798075
287;5.89482930017
288;184.825458043
289;7.32964264978
290;9.49984947238
291;8.31291324027
292;7.64855823463
293;3.55468775542
294;60.4110875581
295;7.20233842984
296;2.28980900727
297;16.7321353474
298;148.14180373
299;7.09364610676
300;11.6074460995
301;39.2865481896
302;52.1738035656
303;1.82767799902
304;56.5430455949
305;4.19897472685
306;27.8108415979
307;75.6474288732
308;5.89331615898
309;5.98864163564
310;14.0679654991
311;23.71
312;18.6355270235
313;4.12824962702
314;17.4826316545
315;6.72479943319
316;2.12693003401
317;54.8558836337
318;21.9941758817
319;2.48305844225
320;4.70338051992
321;1.37187559413
322;7.16201843319
323;7.58258834525
324;3.30415901687
325;1.91408079381
326;3.54263150956
327;5.20689515544
328;14.2379452755
329;7.49133126212
330;19.2002517812
331;5.7445097726
332;9.95999138525
333;96.2776495359
334;24.7994735385
335;15.3531677593
336;44.3845806311
337;18.629982174
338;52.899717955
339;18.2938960571
340;7.53662621671
341;23.9026063661
342;7.81503923288
343;6.00057901438
344;42.7711826716
345;60.8325856888
346;1.12036990459
347;2.53485902159
348;10.599451364
349;5.82989529734
350;1.75953595785
351;6.38531069436
352;42.0201473035
353;37.0067913352
354;1.50608999286
355;12.481523823
356;6.61175701806
357;61.6287684774
358;8.54866958299
359;43.0033260848
360;9.60563269304
361;189.220083642
362;3.77299284089
363;3.37178856193
364;5.76602177118
365;2.09939520134
366;12.8811900316
367;3.18982806625
368;8.01119505525
369;3.91948982456
370;181.816788017
371;16.9137070039
372;7.14209921732
373;6.82090192772
374;18.532824062
375;3.16124125814
376;18.7526148252
377;18.6107077715
378;6.37728911256
379;3.44128982965
380;29.0289810486
381;6.0719772929
382;20.0383363817
383;2.24118685985
384;46.1467852736
385;5.94521197927
386;138.713456176
387;14.8246371053
388;8.09422019796
389;3.06417025934
390;25.0396886865
391;19.5926154113
392;9.09079165585
393;8.13365475311
394;20.2598738052
395;8.83147340282
396;18.6299945852
397;11.9805817253
398;31.6880202198
399;21.4645446133
400;4.28606980314
401;26.6922483597
402;5.19790364409
403;3.30648798395
404;1.65534131064
405;23.9026063661
406;1.84517464189
407;11.9938388289
408;5.324070262
409;7.90499466231
410;7.02440397056
411;3.91812212331
412;7.09283283087
413;11.0411983686
414;8.1298587818
415;238.593935907
416;2.76133200692
417;24.7216867935
418;3.84727428024
419;4.1062014533
420;1.99843975941
421;20.5485407453
422;60.4110875581
423;434.531390741
424;8.4151174583
425;97.6273627081
426;5.62798839618
427;2.96838799199
428;5.31962505292
429;79.7277850077
430;55.3790514083
431;9.87019056354
432;66.8297407802
433;18.6299945852
434;31.5951120692
435;666.798225217
436;9.96082686692
437;74.8528312454
438;18.977774129
439;15.3298907339
440;17.3519705034
441;2.20152324272
442;58.25345157
443;43.5919688435
444;6.66192131345
445;3.23782877254
446;7.20909563019
447;6.5038263972
448;5.20324702402
449;26.8370745793
450;17.7878553109
451;2.01015562662
452;47.0917388392
453;5.21719892602
454;8.10953781492
455;190.197031974
456;28.7798901077
457;4.01057657484
458;8.16376237148
459;19.01082837
460;9.63456603273
461;1.93523247748
462;16.6357244582
463;6.29918485338
464;29.4647455017
465;5.93457273669
466;4.69339470229
467;9.84022990251
468;9.8193578261
469;10.0842002093
470;5.99392354885
471;1.11095417402
472;4.02653045125
473;55.6571727134
474;13.5962658697
475;39.322145577
476;6.36263149498
477;64.6668533854
478;2.57852116538
479;10.8930909741
480;38.85
481;21.9742469964
482;1.81524034716
483;8.18219998436
484;5.59910635364
485;7.32726157059
486;6.66192131345
487;9.35435630917
488;2.47710334334
489;24.2108592259
490;6.01073068493
491;10.4793898712
492;5.40565406891
493;13.408292533
494;6.70287011192
495;10.2067198094
496;6.35999921002
497;2.24487261248
498;7.87930317336
499;6.34786729788
500;4.32324321017
501;7.30141863601
502;5.51903166294
503;18.6299945852
504;29.7769069218
505;7.72289498813
506;5.10336886115
507;8.57302732562
508;6.4278088639
509;44.1501005489
510;8.20514331638
511;6.55314884883
512;53.2378957247
513;18.8789427061
514;15.1667196145
515;189.80644701
516;7.86395266581
517;15.6088597954
518;7.70460922438
519;7.15943715744
520;2.55057732732
521;20.9685037374
522;28.9196518019
523;14.9185100682
524;18.6358502337
525;4.83040632118
526;8.45115104096
527;18.6278647493
528;5.87028007033
529;41.0667016889
530;14.0832885948
531;6.35999922827
532;7.87930317336
533;10.9299484837
534;2.43364522973
535;6.35999922827
536;25.4538637629
537;18.6298179292
538;16.9689520216
539;8.10227326456
540;2.38395862458
541;6.36153103027
542;5.27652475966
543;59.6776224983
544;3.55331034762
545;4.04293107833
546;23.7889606156
547;66.7937898947
548;142.392854701
549;32.9135205792
550;57.9013123915
551;5.91531688406
552;17.6023405349
553;19.1106278994
554;7.15324102985
555;6.05319998714
556;4.5251357919
557;14.00541382
558;5.54897849825
559;15.5687997813
560;19.3146894656
561;10.6539549762
562;6.35996305342
563;18.4059440265
564;9.68607338615
565;3.67813565353
566;5.55428080217
567;9.36748287307
568;4.21311762853
569;1.59
570;55.1612046661
571;74.7775201082
572;4.88313919066
573;508.795969292
574;8.43074244665
575;24.5059109665
576;8.9407059763
577;3.09613672002
578;16.9137070039
579;6.34853223432
580;15.0065440945
581;103.444401391
582;6.38271966046
583;6.35639841089
584;20.2598738052
585;106.865984799
586;1.95
587;36.1161075793
588;17.4059060997
589;3.52326452297
590;33.7208235382
591;7.1207354361
592;18.4723455731
593;37.4112753968
594;1.83962412554
595;1.78251854308
596;8.73631613811
597;3.70599182068
598;9.4834677096
599;6.13721685243
600;5.28699602951
601;80.7151544991
602;6.60693623627
603;3.62198184723
604;18.6293974986
605;9.36748287307
606;8.88019875933
607;2.8702479937
608;17.7878553109
609;1.67264768679
610;7.19172183301
611;5.28367314945
612;4.21701933278
613;4.00639821722
614;9.0957949087
615;20.9685037374
616;22.1488988009
617;43.6654826399
618;2.67336498784
619;13.9705050273
620;41.0701999133
621;6.37085133454
622;20.9176736588
623;5.10206346935
624;7.93242146322
625;8.10264813935
626;10.9893467369
627;18.0179199697
628;14.5531700806
629;6.57211056371
630;7.77129702931
631;6.72955668266
632;2.73468744241
633;24.9273045434
634;9.76221671696
635;16.0739698104
636;13.6653695383
637;18.9399927508
638;10.599451364
639;38.9515651007
640;13.667823034
641;4.30638376791
642;14.657223027
643;7.53662621671
644;16.2421783817
645;18.6190527577
646;68.3328125423
647;3.49780387971
648;8.73631613811
649;1.79170356199
650;4.00693624378
651;1.26251434849
652;29.0541707087
653;15.5732004027
654;12.4301273058
655;10.6200674578
656;52.6304372756
657;13.5186037745
658;13.6482606781
659;13.6482606781
660;6.35996218327
661;49.2467971652
662;8.40091982485
663;18.2938960571
664;3.962622209
665;2.2128957652
666;5.55157431301
667;2.3792608999
668;4.37948248233
669;17.1445062696
670;5.59426600791
671;2.54785653995
672;129.653660707
673;6.35963232915
674;5.615145569
675;1.83233467053
676;2.59192841785
677;2.67336498784
678;2.24607348986
679;6.53659433924
680;16.6467196952
681;2.34933890685
682;133.425507164
683;8.25924020534
684;4.28606980314
685;11.8873264341
686;7.57335822854
687;5.86293845853
688;23.6311035667
689;7.12050543799
690;4.19192883842
691;3.16226230858
692;14.0416419348
693;1.83661478604
694;17.1969116829
695;1.74510122645
696;15.4977006189
697;6.40886996637
698;7.63113369805
699;36.7290858199
700;56.6303160399
701;39.8163618679
702;64.1785738875
703;3.04790622301
704;8.51998383215
705;2.91563165115
706;6.35763168849
707;1.59217219237
708;15.6651798679
709;19.0207010493
710;18.3852671917
711;3.38769179579
712;3.74177319072
713;12.9288989972
714;5.98864163564
715;27.5373559806
716;2.97767242378
717;25.32416654
718;27.2714980128
719;2.73208806549
720;4.18464870172
721;2.77085370118
722;11.8140849821
723;25.5515150933
724;7.29891720984
725;40.7690209387
726;31.5443814363
727;12.481523823
728;26.1892897888
729;14.8974701406
730;30.0379360305
731;4.36844995909
732;6.87317527034
733;22.1582869088
734;14.0293992787
735;28.6966384071
736;1.59074424673
737;3.61409115123
738;5.88455619569
739;23.7404872671
740;3.41546237525
741;41.4161019471
742;3.68641544602
743;2.94595683034
744;6.18885009607
745;11.411870219
746;37.1687906182
747;23.7404872671
748;24.9716309587
749;26.7940115415
750;11.6302897338
751;15.3342432657
752;16.4053623184
753;1.9895448371
754;1.99729052651
755;9.18483095275
756;31.7744953982
757;6.35999921002
758;6.45459661233
759;1.42893955078
760;102.931427203
761;19.0420128455
762;21.6655300837
763;6.04577074179
764;5.66472796212
765;17.5872213672
766;7.73746521028
767;3.53632112093
768;5.32816534028
769;7.66294946273
770;2.78299342265
771;4.96973860826
772;29.7487498541
773;4.76519246431
774;26.4045799699
775;7.25451378709
776;64.1873253523
777;4.01057657484
778;18.6284775357
779;6.35931532691
780;2.13084282351
781;3.13907790864
782;7.79176279947
783;3.73881014544
784;2.96081363378
785;1.76620549065
786;11.1419835362
787;20.2877933504
788;13.3639749593
789;3.16322679545
790;12.481523823
791;14.2787440442
792;65.6470214518
793;2.20338371678
794;23.9026063661
795;9.39597999079
796;1.59673838877
797;20.6558625895
798;8.8283343194
799;73.1637567019
800;4.19188665828
801;7.73134743286
802;132.965809781
803;10.9384547722
804;45.110861136
805;29.5681191899
806;116.916838312
807;33.7208235382
808;17.6949540546
809;23.7197053932
810;200.47800858
811;5.47369371892
812;4.82
813;8.12301180156
814;8.73631613811
815;2.3128427482
816;6.87636734853
817;7.63977723463
818;3.62686435988
819;5.76602177118
820;405.977995711
821;6.56043081085
822;3.13907790864
823;4.46486532799
824;7.49146926539
825;20.0383363817
826;3.73225653931
827;3.91074448009
828;1.87997598974
829;21.0779715928
830;8.87041208981
831;24.53
832;17.4868860439
833;4.56443077621
834;26.211603341
835;26.0441598667
836;40.0893812747
837;1.75989704969
838;23.7531016562
839;18.6107077715
840;3.68154329565
841;18.3852671917
842;4.19103851448
843;20.3350892966
844;2.39862046557
845;22.0032573578
846;20.8802472822
847;5.24738459986
848;2.93462090835
849;2.53504157062
850;22.0286077836
851;7.73533100088
852;8.01286739885
853;23.5093130955
854;6.35996517109
855;91.3194305123
856;26.9230639756
857;61.4782520669
858;14.4257979925
859;8.42934923756
860;33.4113621614
861;16.3473223977
862;5.22628013242
863;3.05281902539
864;23.8263388006
865;4.64584525616
866;11.8820532373
867;5.1407275931
868;3.49008641737
869;7.69381441097
870;12.3202515766
871;32.1712916925
872;2.71076161877
873;23.7025065218
874;14.0416419348
875;13.667823034
876;2.12011672994
877;10.613035903
878;5.95676868443
879;23.71
880;5.22628013242
881;8.44678515353
882;7.32964264978
883;20.5454095358
884;23.71
885;6.73434183733
886;3.67860771461
887;6.118055771
888;21.713283255
889;18.0806390256
890;6.36
891;9.23841504049
892;1.52280089408
893;3.63982249694
894;12.3687259501
895;5.43816799289
896;11.2578421989
897;6.47944280536
898;20.7275074757
899;6.32548412524
900;5.00276651509
901;6.40468506831
902;22.3817083179
903;6.23125372882
904;2.28980900727
905;5.27652475966
906;7.47947944616
907;6.19373206442
908;4.61705215524
909;3.09137302691
910;6.36230460137
911;4.40220252513
912;6.54083344241
913;68.1009627796
914;37.1877388461
915;1.08
916;19.1124607321
917;13.45
918;7.74224530858
919;5.84426772801
920;3.25094623083
921;8.79026333702
922;10.9905809606
923;27.9148504793
924;6.53905099134
925;3.21528409873
926;239.605462314
927;6.64336634367
928;4.0330249906
929;17.4705981949
930;2.52718523561
931;6.48775448656
932;4.70338051992
933;1.86719653712
934;2.68290530339
935;1.93925270557
936;45.2279435144
937;21.2776515293
938;17.6692357723
939;2.72263750353
940;10.6130976739
941;17.843651617
942;23.6629198989
943;14.8536294883
944;6.17136705302
945;69.0078051666
946;7.34504035297
947;6.6092804989
948;14.0975248349
949;18.9010023756
950;7.01058076608
951;5.63938287818
952;48.2622047825
953;10.9888083335
954;65.36210144
955;2.39071702183
956;33.6984024254
957;16.7205499946
958;27.8885239592
959;12.9288989972
960;37.3120876826
961;42.050458689
962;20.2598738052
963;14.8619761102
964;5.62382217769
965;66.4837580336
966;18.6918800466
967;19.4361027689
968;26.0441598667
969;17.8487781546
970;7.97402639671
971;17.5085152546
972;6.38970850333
973;27.4788056672
974;2.72457270969
975;36.4820450378
976;7.4513008949
977;6.41031474852
978;4.33669561847
979;2.36392356796
980;2.61362783958
981;5.91453523147
982;3.38489838784
983;5.22628013242
984;17.4868860439
985;8.13339240777
986;53.3511788266
987;3.7366198129
988;6.8587737276
989;1.61097107632
990;13.9860967554
991;6.38875201582
992;27.9418549812
993;10.599451364
994;5.41384218664
995;2.49162844485
996;4.72696721149
997;21.6655300837
998;5.55428080217
999;26.2712339269
1000;5.18683037956
1001;1.08024242115
1002;18.2631206935
1003;350.651052399
1004;2.15164126957
1005;4.30432742775
1006;5.19883094403
1007;1.51
1008;1.59176500527
1009;7.90089928538
1010;10.9705485521
1011;3.65487711267
1012;3.06292405103
1013;1.75953595785
1014;26.0388543889
1015;20.6558625895
1016;18.6433211573
1017;25.015959863
1018;6.06681644359
1019;22.9500786845
1020;8.98010786747
1021;2.77651151584
1022;6.4397441953
1023;4.85231041194
1024;45.3405226909
1025;15.704118159
1026;4.26238473638
1027;16.6906689842
1028;29.9926080216
1029;6.8032612932
1030;6.34677322511
1031;24.5059109665
1032;8.27436433292
1033;157.737591722
1034;5.22628013242
1035;2.39153089036
1036;7.80743368749
1037;6.55585899168
1038;7.33244963925
1039;6.18885009607
1040;8.94113808573
1041;6.55170196463
1042;2.0060341108
1043;6.0035316381
1044;12.0000765148
1045;6.25987745357
1046;1.9808707326
1047;6.91239771755
1048;21.4605750869
1049;6.25987745357
1050;3.72182384157
1051;18.6298179292
1052;6.36230460137
1053;9.60600468365
1054;4.44173029785
1055;47.3379518537
1056;22.2290145256
1057;30.4233912673
1058;6.34163447626
1059;20.194434001
1060;9.65839316236
1061;3.93356523315
1062;10.2902460663
1063;2.28821714344
1064;1.59742308568
1065;1.99465030226
1066;4.4020322823
1067;1.31947752887
1068;3.43580641555
1069;1.79363504442
1070;6.51127658375
1071;17.843651617
1072;6.06277122625
1073;5.50734324503
1074;94.1793097477
1075;1.26251434849
1076;4.9430630284
1077;17.2727626365
1078;2.06172496283
1079;29.0541707087
1080;13.408292533
1081;7.73533100088
1082;2.74209512106
1083;18.6278647493
1084;25.6067145077
1085;7.91220373044
1086;18.2631206935
1087;6.20403348843
1088;18.6299945852
1089;6.36
1090;5.68105231866
1091;18.6293974986
1092;48.054483291
1093;8.04478602902
1094;3.54398305826
1095;6.280299342
1096;35.9858791686
1097;4.4262610266
1098;6.61055281141
1099;54.6066892003
1100;18.5837253239
1101;22.7921558284
1102;13.9573143551
1103;18.6299850482
1104;37.8184566372
1105;26.131414712
1106;27.9830496087
1107;2.47917345455
1108;40.0893812747
1109;12.8547507563
1110;29.6630178274
1111;2.25307407162
1112;8.34933018459
1113;7.96260679111
1114;6.1524291033
1115;1.57886026591
1116;6.35694440913
1117;1.59673838877
1118;1.88
1119;1.4881792756
1120;6.20403348843
1121;26.2712339269
1122;89.8070368752
1123;10.7885520461
1124;43.9356760256
1125;8.64164563397
1126;16.11358387
1127;16.6780651493
1128;2.35740722363
1129;5.22174295842
1130;23.1504862545
1131;3.59092860786
1132;7.14209921732
1133;27.1728642551
1134;6.446393906
1135;1.88
1136;3.81463114511
1137;1.83821632241
1138;4.61480056881
1139;7.66533219211
1140;15.2866211827
1141;6.35642124641
1142;3.06335326276
1143;1.67599940947
1144;6.66192131345
1145;5.62174561082
1146;6.07555277124
1147;9.01290892529
1148;8.88019875933
1149;7.73601321739
1150;21.926598034
1151;10.0044438525
1152;13.6948860713
1153;2.67717610179
1154;17.9016234842
1155;7.75066716551
1156;2.22777044797
1157;6.18885009607
1158;10.1832354853
1159;7.49133126212
1160;6.70262103087
1161;18.2427847529
1162;1.93675479722
1163;6.99058505764
1164;15.1667196145
1165;6.06543058754
1166;9.1422856012
1167;46.73
1168;5.94651946236
1169;10.573494772
1170;111.927289088
1171;44.9249207251
1172;10.5785678162
1173;3.44128982965
1174;7.22413548309
1175;17.4868860439
1176;7.68479401563
1177;6.55602209929
1178;3.44588082571
1179;11.3895143628
1180;2.54765986741
1181;5.32517820556
1182;18.4798575639
1183;2.71200610284
1184;5.41721109167
1185;3.74503250503
1186;7.29891720984
1187;17.3718900336
1188;2.53850968964
1189;28.093673958
1190;5.9761585806
1191;377.102633796
1192;8.55080431134
1193;7.71602359351
1194;144.93
1195;4.31112931153
1196;13.6948860713
1197;23.7197053932
1198;5.56599132142
1199;1.70245347975
1200;23.5683231342
1201;34.6873364281
1202;39.4276294856
1203;14.751028979
1204;7.81173644888
1205;11.6042694271
1206;42.9447837177
1207;10.613035903
1208;4.88313919066
1209;8.40892441272
1210;11.3561119933
1211;5.55130658534
1212;16.4677408643
1213;10.6104406631
1214;1.82701038168
1215;30.5487101918
1216;1.46521313224
1217;6.35366724332
1218;7.27981364082
1219;4.51494116895
1220;22.2857209695
1221;2.0280056684
1222;6.48160854822
1223;5.66166554381
1224;417.391286854
1225;11.9821097522
1226;25.9167609362
1227;14.9998172079
1228;2.1640134159
1229;6.74776242811
1230;4.87709191644
1231;5.27403621953
1232;4.56502330532
1233;18.5989493119
1234;12.3793031767
1235;1.42182827949
1236;5.58822193127
1237;2.20822171419
1238;13.3639749593
1239;3.23807818277
1240;1.08
1241;8.7767287624
1242;4.8
1243;3.75736852177
1244;16.7130067294
1245;39.3263278317
1246;3.76927441282
1247;8.87041208981
1248;16.1301270205
1249;13.9131336355
1250;1.78454606309
1251;23.6859529599
1252;6.6092804989
1253;6.35308619987
1254;18.863325171
1255;2.69295298019
1256;2.87925160179
1257;28.0965844835
1258;3.00658174961
1259;21.4605750869
1260;3.81542345265
1261;5.55130658534
1262;45.6410910853
1263;9.54081532523
1264;9.88660950763
1265;4.58267667381
1266;7.77593742535
1267;24.9749040781
1268;1.56165704554
1269;123.735022119
1270;270.437823342
1271;1.08
1272;6.19792309311
1273;2.93856709132
1274;5.3529492865
1275;50.6019970529
1276;5.14071177677
1277;2.37988435765
1278;2.24870814106
1279;3.77
1280;1.08
1281;6.34883069138
1282;3.24416626584
1283;6.36189667099
1284;6.3912217587
1285;9.83960315922
1286;16.348583157
1287;13.6948860713
1288;17.0394019601
1289;16.2316436881
1290;3.49780387971
1291;5.6700819977
1292;8.97726211521
1293;7.86402514162
1294;65.5408158
1295;3.59092860786
1296;1.59673838877
1297;6.35639841089
1298;18.6284775357
1299;42.8695806365
1300;8.01768300033
1301;15.2348407776
1302;1.29186186127
1303;17.0665202023
1304;6.23267856919
1305;4.86277791705
1306;4.06277177137
1307;9.06316778787
1308;7.4
1309;6.16364998158
1310;1.59886074657
1311;14.1407614031
1312;6.35882774163
1313;8.31341349177
1314;9.51456484362
1315;5.78639744725
1316;593.252083086
1317;4.84904525529
1318;7.68859511331
1319;19.1562579996
1320;14.614973584
1321;2.33344184745
1322;5.88704145658
1323;65.3697264934
1324;17.1022394681
1325;49.1695651248
1326;28.2806317338
1327;1.08
1328;1.46521313224
1329;27.6241657098
1330;7.73533100088
1331;45.4379959206
1332;8.29330786347
1333;19.9213567623
1334;28.1103923525
1335;10.4466426363
1336;2.48881655095
1337;3.40300794564
1338;24.6942410214
1339;5.06157212668
1340;3.58625929425
1341;5.55428080217
1342;50.592288895
1343;491.857290281
1344;221.899532407
1345;13.45
1346;50.285707445
1347;18.6299850482
1348;12.0832212349
1349;23.9184110843
1350;80.4894476074
1351;20.5454095358
1352;3.97687769352
1353;5.14231315028
1354;14.5260595692
1355;3.496540974
1356;24.4809402856
1357;22.626203515
1358;4.36702007269
1359;2.62295530586
1360;15.794600992
1361;10.1524963327
1362;11.2790628565
1363;17.7878553109
1364;7.21540412824
1365;8.1298587818
1366;20.5454095358
1367;36.7906675344
1368;8.11805606872
1369;5.41331605902
1370;8.888870933
1371;2.91563165115
1372;54.6066892003
1373;14.2384196109
1374;5.6700819977
1375;3.28870700863
1376;3.8615410183
1377;7.30479243085
1378;3.42739015777
1379;1.7035822047
1380;10.3124386671
1381;11.1574730376
1382;11.4622787496
1383;17.4859239806
1384;34.0367750487
1385;7.55921011575
1386;11.5192628851
1387;18.3852671917
1388;18.4080281471
1389;233.745540282
1390;20.4575770769
1391;5.99042279309
1392;20.5454095358
1393;12.6092831451
1394;17.4868860439
1395;10.3843773978
1396;21.7029467682
1397;5.96630801167
1398;8.69705990973
1399;4.68768739357
1400;23.7404872671
1401;3.55848737537
1402;12.4677416525
1403;7.73134743286
1404;2.49490871864
1405;8.40091982485
1406;5.06052952349
1407;10.6130976739
1408;3.3712523479
1409;13.3344564226
1410;9.0957949087
1411;33.9188335967
1412;6.37260009427
1413;7.14209921732
1414;6.72170056483
1415;41.7325538731
1416;2.42240544728
1417;6.99058505764
1418;66.987920129
1419;4.01616253994
1420;12.6045237426
1421;18.848370519
1422;52.8051680741
1423;3.70654768817
1424;2.28959292017
1425;5.6290879162
1426;6.59780252739
1427;1.59886074657
1428;3.69729284351
1429;15.1667196145
1430;428.475683173
1431;80.4894476074
1432;27.1313058936
1433;4.76519246431
1434;31.0940669924
1435;4.12615385869
1436;14.0820890731
1437;31.4637450277
1438;175.771235551
1439;120.815981786
1440;4.41135602199
1441;3.19031506517
1442;36.7906675344
1443;4.46949851882
1444;3.24642159239
1445;7.14209921732
1446;7.3402921949
1447;3.87284559336
1448;2.99269615469
1449;58.6513624092
1450;16.4843721352
1451;15.5940428527
1452;6.45452840476
1453;4.80706033929
1454;6.34786729788
1455;7.73533100088
1456;25.6925740457
1457;4.07350848393
1458;3.35744432359
1459;12.8811900316
1460;4.47057710611
1461;3.4066676625
1462;7.20909563019
1463;7.67465892231
1464;8.31291324027
1465;11.5733899641
1466;3.82538737002
1467;4.06277177137
1468;3.37178856193
1469;9.25668092377
1470;44.0114699112
1471;5.84720195763
1472;7.11149340542
1473;8.1298587818
1474;20.1250241216
1475;24.7216867935
1476;6.40468506831
1477;11.9030291864
1478;1.80912620744
1479;3.28870700863
1480;7.79176279947
1481;5.19828517384
1482;4.42205227208
1483;6.36
1484;31.909045137
1485;94.8362233532
1486;1.84512974026
1487;22.9791620524
1488;5.25669941303
1489;372.95494216
1490;9.50908915722
1491;25.6471602598
1492;1.97084306789
1493;1.59704652463
1494;4.82
1495;5.41562503283
1496;10.4121864344
1497;1.41744641319
1498;1.51240838105
1499;6.08294434552
1500;20.1745457948
1501;73.3201420443
1502;8.1298587818
1503;6.35999922827
1504;3.95561649171
1505;13.0130481278
1506;144.874283953
1507;8.19940265248
1508;7.42336800238
1509;1.51240838105
1510;3.70431606935
1511;3.83260657829
1512;2.84801261893
1513;3.7116743626
1514;9.41560005526
1515;3.62545498596
1516;103.431915458
1517;5.76602177118
1518;13.2270815056
1519;69.2260317006
1520;3.14896782333
1521;9.27344087488
1522;41.770371782
1523;1.75989704969
1524;8.05960227251
1525;6.35905402294
1526;23.71
1527;6.70825357594
1528;6.2
1529;4.46128460566
1530;3.70720427957
1531;49.1467622741
1532;28.5149021752
1533;19.3146894656
1534;259.164292504
1535;18.3919454632
1536;7.29891720984
1537;3.16869113743
1538;2.68272102316
1539;8.96454468372
1540;7.77129702931
1541;5.07993161158
1542;20.1419737631
1543;13.45
1544;2.3855804775
1545;1.84087199917
1546;1.55611501624
1547;4.14130682007
1548;8.7705425168
1549;15.044121891
1550;6.6092804989
1551;1.58067731003
1552;1.34972929439
1553;60.6157718668
1554;7.73533100088
1555;2.552344464
1556;41.8836273076
1557;4.17951068285
1558;9.55599189391
1559;8.60978836076
1560;7.81503923288
1561;8.72688586168
1562;3.29005961707
1563;1.84517464189
1564;1.70678668089
1565;6.29173572067
1566;5.44756407332
1567;7.91503499135
1568;18.517538609
1569;9.21708290554
1570;20.1383329987
1571;18.5580606072
1572;21.7763573099
1573;3.41260251652
1574;5.22628013242
1575;3.44128982965
1576;9.73575047589
1577;3.83995645261
1578;6.03985608767
1579;6.18984704154
1580;2.24607348986
1581;244.752795281
1582;5.84720195763
1583;5.12092623333
1584;5.02915945334
1585;10.4283389199
1586;84.2219033377
1587;2.15293725235
1588;1.46878027984
1589;7.66533219211
1590;125.317055825
1591;2.68383996928
1592;93.6150478198
1593;11.5658160915
1594;51.2200031704
1595;16.8956753113
1596;3.97755538895
1597;1.95
1598;1.33702182105
1599;8.1298587818
1600;4.7558335278
1601;9.11592632308
1602;6.35616251648
1603;1.59673838877
1604;15.704118159
1605;141.515138005
1606;44.7871494552
1607;1.49463249264
1608;41.5210573885
1609;20.3318934953
1610;75.3567207387
1611;4.28606980314
1612;8.40580997283
1613;6.35954405568
1614;4.12615385869
1615;5.31524380322
1616;12.7065444685
1617;159.873983801
1618;15.1667196145
1619;41.030175693
1620;11.652424321
1621;2.2855148655
1622;22.2857209695
1623;5.44756407332
1624;18.5989493119
1625;5.12036574407
1626;3.32235647869
1627;6.51127658375
1628;18.6332039585
1629;12.0157448784
1630;7.25314607471
1631;17.1009835346
1632;20.5454095358
1633;20.7844892828
1634;1.7343370941
1635;3.85769769446
1636;8.74484378167
1637;1.15387959708
1638;5.46508474883
1639;54.671505671
1640;13.7754016638
1641;40.8772160973
1642;6.0719772929
1643;1.51939779226
1644;6.00109653306
1645;6.20403348843
1646;2.18908183034
1647;50.5009731451
1648;5.78639744725
1649;23.7025065218
1650;5.48630893267
1651;6.40812836535
1652;4.48079547522
1653;14.927152728
1654;20.2598738052
1655;4.73653500507
1656;6.73681004762
1657;7.27812071866
1658;1.76620549065
1659;6.66192131345
1660;18.641784692
1661;13.2647505065
1662;2.16381590962
1663;2.60904410425
1664;23.6911728832
1665;12.0495913104
1666;3.59833106923
1667;5.30462921286
1668;15.4549132673
1669;2.96896473064
1670;35.300584479
1671;1.54161503732
1672;9.39781405637
1673;7.09180022248
1674;6.36263149498
1675;11.9545364664
1676;19.6624324036
1677;9.25668092377
1678;8.04068579598
1679;20.7937249941
1680;4.36698752529
1681;19.7044023026
1682;6.33940237685
1683;17.1769917151
1684;13.1719461722
1685;3.69487650201
1686;14.3395957452
1687;3.79725867646
1688;249.330926975
1689;6.35182370134
1690;7.81503923288
1691;5.65758116218
1692;9.96831445827
1693;7.22446968582
1694;2.48020365223
1695;3.86847684234
1696;45.5057068261
1697;3.31101499527
1698;7.53662621671
1699;6.74770330662
1700;2.03876208357
1701;13.812633733
1702;37.0683808585
1703;2.17046644921
1704;41.7325538731
1705;21.7138760899
1706;7.77120452357
1707;2.37774508388
1708;3.69900487247
1709;7.32726157059
1710;3.73504280595
1711;5.13349170537
1712;55.6571727134
1713;6.37350086784
1714;4.92581275658
1715;8.6905165202
1716;20.8802472822
1717;5.19883094403
1718;10.1674266218
1719;18.2631206935
1720;41.7170919168
1721;5.1835516462
1722;8.48327600894
1723;9.86131861247
1724;80.4894476074
1725;13.408292533
1726;8.94319865327
1727;23.4216471961
1728;111.236599784
1729;6.33502347533
1730;19.8661670477
1731;7.34989223821
1732;1.49284800655
1733;35.3420576426
1734;9.56892559592
1735;37.1972999213
1736;1.74690699911
1737;8.27436433292
1738;11.7282770508
1739;7.78972891092
1740;11.3463673987
1741;1.75989704969
1742;4.59494539161
1743;4.61765021887
1744;7.71478571162
1745;3.55232488913
1746;5.20056474604
1747;6.35124548485
1748;13.9739163771
1749;1.72951425637
1750;20.4860469172
1751;13.42749438
1752;29.8527949669
1753;6.37475586747
1754;7.77
1755;20.605976684
1756;10.7254015096
1757;18.5480741492
1758;1.94066940982
1759;18.4459076038
1760;6.40468506831
1761;3.87284559336
1762;27.3593326978
1763;19.4229360641
1764;1.36856553518
1765;6.64612209161
1766;10.1832354853
1767;14.8953821316
1768;33.1720819977
1769;6.70997681737
1770;2.64570931885
1771;18.4354200419
1772;5.22628013242
1773;7.65608607381
1774;2.24118685985
1775;3.27143645753
1776;5.48786480452
1777;3.43514225582
1778;5.22628013242
1779;63.3716292638
1780;8.10172652361
1781;21.6655300837
1782;95.8105351835
1783;16.1077029902
1784;13.2376410287
1785;10.1674266218
1786;14.78560246
1787;12.651636528
1788;53.9000339016
1789;9.76758503919
1790;11.8894243108
1791;1.74510122645
1792;9.6799450181
1793;11.9030291864
1794;18.6205857861
1795;52.899717955
1796;5.90916162582
1797;18.5837253239
1798;4.71056394773
1799;4.97415466144
1800;5.55428080217
1801;7.44415373278
1802;38.1273969283
1803;29.2876583117
1804;2.2055382144
1805;65.6345725793
1806;3.60094950228
1807;11.4622787496
1808;19.3480329102
1809;11.6302897338
1810;3.64484165002
1811;6.91448686872
1812;2.94793039388
1813;476.564202859
1814;10.0842002093
1815;2.20817178367
1816;6.63498109175
1817;68.0656407234
1818;27.3902870794
1819;40.8419685263
1820;2.37774508388
1821;6.26693792958
1822;17.7873616067
1823;16.9365732875
1824;7.02388035488
1825;126.489685247
1826;3.24736569522
1827;3.07451216021
1828;14.5432103431
1829;6.64729780734
1830;1.41788872549
1831;27.3025005002
1832;1.20762324032
1833;1.7035822047
1834;6.35999922827
1835;1.91408079381
1836;6.76806359611
1837;8.09742345353
1838;2.98680732982
1839;103.227077096
1840;3.27998074105
1841;6.20403348843
1842;23.7404872671
1843;42.8344743209
1844;13.7754016638
1845;5.48228256309
1846;1.37827246013
1847;7.22413548309
1848;15.6471861989
1849;1.85183111792
1850;2.27760446005
1851;49.1279956013
1852;54.6066892003
1853;15.2256571571
1854;7.53662621671
1855;5.78831676688
1856;4.63202612971
1857;6.35616251648
1858;2.24607348986
1859;16.6756430637
1860;5.35159167571
1861;238.231673202
1862;34.0345153486
1863;5.84720195763
1864;3.55173940027
1865;18.8654807676
1866;2.33951006598
1867;15.6125098571
1868;23.0568444391
1869;32.5530586612
1870;23.0568444391
1871;16.0432143478
1872;6.81058847497
1873;29.3469437073
1874;1.46943102911
1875;18.1652420497
1876;18.2678304374
1877;30.1347167844
1878;26.0399179327
1879;77.5857165113
1880;6.88810657909
1881;8.30792814828
1882;3.03392438181
1883;3.9925334914
1884;4.39539176748
1885;297.366097779
1886;7.87850836627
1887;1.84656292733
1888;2.86822211422
1889;4.42354779388
1890;31.8519304473
1891;9.51456484362
1892;61.1210013214
1893;385.503074282
1894;17.1909566275
1895;6.04577074179
1896;4.44677746988
1897;5.27704628158
1898;1.83677851873
1899;65.3420889033
1900;6.34786729788
1901;9.50908915722
1902;17.9579509156
1903;10.3124386671
1904;20.5975652175
1905;14.8974701406
1906;23.7025065218
1907;3.30520975484
1908;36.9404829885
1909;3.70344342718
1910;7.11512579284
1911;340.011204974
1912;18.4664826036
1913;2.77211430107
1914;3.68154329565
1915;6.35999921002
1916;11.0538034047
1917;18.5063414934
1918;16.8640414597
1919;16.8722226142
1920;5.7501035413
1921;19.1106278994
1922;27.5021834506
1923;20.9301943179
1924;6.13022579429
1925;5.27513283195
1926;4.88313919066
1927;6.20403348843
1928;7.05774118218
1929;18.6116867135
1930;47.252596272
1931;128.777923627
1932;2.35590069131
1933;17.4437803038
1934;20.4534559748
1935;11.9993739313
1936;3.35232801084
1937;1.51521615556
1938;1.53612046087
1939;11.493479771
1940;8.41348776474
1941;31.8065282632
1942;27.5025847637
1943;9.77849392683
1944;18.3615725815
1945;2.97514600103
1946;4.70866479436
1947;10.4350287414
1948;10.2067198094
1949;1.97304118882
1950;1.46826180932
1951;12.9288989972
1952;125.990123922
1953;5.47262729084
1954;29.7477940006
1955;7.73680279686
1956;1.08
1957;5.13248033604
1958;2.27760446005
1959;12.0204158168
1960;3.67860771461
1961;7.71
1962;124.385586689
1963;3.55331034762
1964;5.20495036485
1965;1.72345551366
1966;235.38539108
1967;3.19
1968;23.71
1969;6.50765552395
1970;2.54187785355
1971;29.8527949669
1972;200.312427841
1973;1.26251434849
1974;124.455748929
1975;22.4007468502
1976;17.922084014
1977;34.4804531997
1978;18.5397288888
1979;7.0592129804
1980;1.59704652463
1981;5.615145569
1982;1.59673838877
1983;6.64030044624
1984;6.67468487009
1985;23.1504862545
1986;1.84364865114
1987;16.8838083945
1988;3.5744967076
1989;5.74787751957
1990;7.42381454532
1991;3.06006933357
1992;5.48254719599
1993;3.0766451248
1994;61.187125096
1995;4.43219566647
1996;2.37729612906
1997;29.4580739191
1998;8.16794464094
1999;3.89875724367
2000;14.5893998998
2001;17.7878553109
2002;6.26427492009
2003;32.4251610486
2004;10.3541274113
2005;6.05913100208
2006;2.34926554271
2007;15.7123119712
2008;11.6399678292
2009;162.444757643
2010;4.6008212294
2011;14.8974701406
2012;166.660446495
2013;49.0855566932
2014;39.1818603549
2015;10.9893467369
2016;5.55428080217
2017;3.68390879025
2018;30.6656225886
2019;8.02263701701
2020;6.32511885484
2021;32.7200530131
2022;7.16339373573
2023;27.9840854693
2024;18.6134008915
2025;11.3579001471
2026;38.8793673982
2027;4.76395239961
2028;21.8362761062
2029;15.3424347786
2030;14.9657416264
2031;63.7876514796
2032;17.6540824255
2033;20.2598738052
2034;6.13022579429
2035;6.3257655572
2036;6.3192576186
2037;4.8039071169
2038;7.55055882155
2039;6.7703428709
2040;1.53699162069
2041;4.04293107833
2042;20.1383329987
2043;13.6482606781
2044;2.68864628599
2045;9.83960315922
2046;30.7244762864
2047;6.85974359202
2048;7.87850836627
2049;1.08
2050;25.8093933648
2051;3.63184197183
2052;2.92150391547
2053;18.9892226682
2054;2.69107306017
2055;8.01286739885
2056;2.99133810096
2057;1.85748707704
2058;139.323343713
2059;11.1967096458
2060;36.7045836001
2061;15.3424347786
2062;7.53662621671
2063;7.48229329808
2064;3.60589212479
2065;18.6332039585
2066;19.2061929063
2067;18.5837253239
2068;9.86131861247
2069;9.77849392683
2070;16.094425294
2071;15.044121891
2072;18.2631206935
2073;29.1325499803
2074;69.9488344534
2075;5.55157431301
2076;6.05148187024
2077;5.27652475966
2078;8.87922761556
2079;3.87368962232
2080;27.9418549812
2081;8.13860737502
2082;1.59574313671
2083;15.1667196145
2084;3.80300277445
2085;8.37014844529
2086;26.1611386631
2087;6.35999908169
2088;17.2287006
2089;10.599451364
2090;5.96464092887
2091;5.82350015222
2092;6.36263149498
2093;10.5539196962
2094;6.46372076748
2095;7.89722781795
2096;43.6416042617
2097;4.39539176748
2098;1.72356010391
2099;34.0958392194
2100;15.1667196145
2101;26.7158608644
2102;5.62952995717
2103;3.73978857169
2104;3.82538737002
2105;6.47392730714
2106;38.1273969283
2107;5.2631623717
2108;66.987920129
2109;27.8059650001
2110;11.9894453554
2111;4.60769353943
2112;2.24118685985
2113;23.4742251424
2114;13.0602461855
2115;1.79294375892
2116;1.72064268909
2117;98.6662999181
2118;6.35491917835
2119;5.5476963107
2120;47.5182985246
2121;18.6299945852
2122;0.971041383891
2123;6.35694440913
2124;5.28388719666
2125;5.80095849174
2126;4.00639821722
2127;3.67813565353
2128;15.4226173478
2129;6.07399906772
2130;5.28388719666
2131;7.15612697115
2132;15.5074172013
2133;140.568135371
2134;4.26340527028
2135;4.06940675203
2136;25.0504389809
2137;23.6711759559
2138;5.59773351604
2139;2.32147105729
2140;6.32722489569
2141;4.74523820358
2142;6.5499437113
2143;61.6919978288
2144;8.09422019796
2145;1.73826931354
2146;372.95494216
2147;2.57326235065
2148;3.68820634386
2149;1.92693673166
2150;8.04154297662
2151;5.88455619569
2152;5.70383909355
2153;5.47634329652
2154;3.64484165002
2155;42.9973618646
2156;1.70171448769
2157;70.4939734288
2158;5.19770463973
2159;2.48613074606
2160;3.52650457424
2161;74.1779547305
2162;7.34989223821
2163;8.23226180159
2164;3.77
2165;9.62954361928
2166;16.2629275658
2167;6.51312026346
2168;9.86131861247
2169;65.5408158
2170;151.755949438
2171;7.32964264978
2172;6.03917696545
2173;11.639633294
2174;4.68826573505
2175;23.71
2176;3.4066676625
2177;10.8525733688
2178;2.07092246817
2179;37.0264116685
2180;19.9213567623
2181;5.23029502473
2182;12.6092831451
2183;12.7995589292
2184;30.6656225886
2185;3.73225653931
2186;7.72289498813
2187;8.72688586168
2188;26.2868802548
2189;3.0476875344
2190;14.0975248349
2191;7.41887680473
2192;1.33082895412
2193;5.89454987475
2194;152.397633886
2195;78.883898348
2196;4.18168814166
2197;4.76519246431
2198;9.16318069423
2199;85.5687375857
2200;20.1419737631
2201;6.66192131345
2202;42.3614427363
2203;31.0581344676
2204;9.84150396787
2205;2.48898074176
2206;9.9490535206
2207;2.24961923158
2208;2.85503649993
2209;7.460296275
2210;2.25591249451
2211;1.71
2212;7.44415373278
2213;6.36
2214;4.79445845656
2215;17.6004133134
2216;23.5165413075
2217;14.8619761102
2218;17.2842674615
2219;4.24605505249
2220;5.58822193127
2221;6.35999922827
2222;2.19203386462
2223;7.1182449472
2224;3.63982249694
2225;41.7170919168
2226;1.68403525419
2227;3.61409115123
2228;1.54662618323
2229;6.25987745357
2230;27.7437098803
2231;23.457805269
2232;27.5025847637
2233;1.84114215527
2234;2.62735642824
2235;4.98695790525
2236;14.0416419348
2237;6.58444120938
2238;7.17460088646
2239;31.1575415805
2240;13.0589350133
2241;18.2631206935
2242;7.71602359351
2243;45.6410910853
2244;194.688277767
2245;8.1298587818
2246;2.19203386462
2247;2.43910653611
2248;6.08498370254
2249;46.2002170793
2250;15.3793577775
2251;7.30479243085
2252;7.20124064624
2253;11.1351069257
2254;4.19074363477
2255;4.69339470229
2256;1.86702513304
2257;6.3912217587
2258;20.8100381348
2259;164.329408846
2260;18.2858405189
2261;3.8615410183
2262;3.08522903777
2263;3.51194965284
2264;47.7290477905
2265;7.78633662933
2266;38.8904916293
2267;18.6190527577
2268;2.68311667947
2269;6.40886996637
2270;7.73533100088
2271;6.65707005433
2272;12.3883422898
2273;20.5870921913
2274;7.88829464808
2275;22.0033918538
2276;2.28959292017
2277;6.74146949556
2278;18.6107077715
2279;9.48433573804
2280;1.2417993523
2281;6.18885009607
2282;4.20617184774
2283;1.71
2284;15.3208992733
2285;18.0934287843
2286;30.0810276112
2287;18.629982174
2288;1.59673838877
2289;27.1528023253
2290;6.15055092463
2291;1.27886757109
2292;27.3573334217
2293;5.76602177118
2294;1.44822622585
2295;4.39539176748
2296;1.72280066253
2297;27.8108415979
2298;24.671212508
2299;17.4587411088
2300;17.833997607
2301;8.30151931294
2302;43.2115150019
2303;4.18475427338
2304;4.40726983823
2305;2.52057795812
2306;7.0568124958
2307;9.25668092377
2308;19.1011090873
2309;17.8879455924
2310;1.93266379334
2311;47.4310812471
2312;1.37738343183
2313;3.4066676625
2314;20.5454095358
2315;33.3148950129
2316;10.907151751
2317;6.356302138
2318;15.1433512665
2319;50.8384056302
2320;10.8482635329
2321;18.6039107116
2322;11.639633294
2323;3.35908233453
2324;4.54324576033
2325;31.1633224703
2326;140.568135371
2327;14.7243541899
2328;17.0482411277
2329;18.7644183333
2330;17.9089768138
2331;1.51918462356
2332;7.21492349092
2333;5.80611786951
2334;18.2418477211
2335;4.24905298651
2336;6.49779218191
2337;13.45
2338;4.28606980314
2339;1.74510122645
2340;6.17071491027
2341;2.25309225955
2342;7.49146926539
2343;19.7699915958
2344;6.35996305342
2345;2.06540412161
2346;2.55394641402
2347;2.32583860369
2348;1.41773141863
2349;7.24140669648
2350;33.9264577303
2351;7.37046461704
2352;7.73680279686
2353;18.5983060663
2354;5.26290301557
2355;519.477456723
2356;21.9742469964
2357;65.4849771424
2358;209.201118548
2359;23.7404872671
2360;3.14393948825
2361;52.6231851846
2362;22.6685775329
2363;3.35908233453
2364;7.82253304927
2365;38.85
2366;7.71602359351
2367;2.19203386462
2368;7.19954898663
2369;11.8801975018
2370;7.2528237212
2371;195.641924018
2372;1.58558294034
2373;18.6299945852
2374;8.06700891495
2375;23.71
2376;32.9135205792
2377;9.0739538811
2378;5.62807907123
2379;17.510707263
2380;6.57474026206
2381;7.19172183301
2382;13.812633733
2383;6.50456115496
2384;14.5893998998
2385;2.72472122578
2386;24.8053669294
2387;583.531730934
2388;3.79622258562
2389;2.18243182239
2390;3.926353051
2391;18.2895793193
2392;4.42205227208
2393;1.958610203
2394;3.34182823686
2395;1.87398049657
2396;6.3538015928
2397;2.12011672994
2398;64.700379059
2399;6.73638842193
2400;13.45
2401;6.01839707153
2402;4.23422345919
2403;11.6854052486
2404;97.3688464466
2405;3.73504280595
2406;126.503596364
2407;6.35178563039
2408;2.36374026713
2409;5.22628013242
2410;7.32726157059
2411;2.16098573968
2412;3.52208293324
2413;3.69361848509
2414;20.929009232
2415;6.3912217587
2416;22.0015029511
2417;8.71639302321
2418;163.730078381
2419;5.27403621953
2420;6.53782182846
2421;1.58880099816
2422;1.47643725106
2423;123.508142463
2424;9.95999138525
2425;3.44588082571
2426;8.93962585439
2427;6.36302718194
2428;5.06157212668
2429;35.8063169468
2430;3.93356523315
2431;1.43968900663
2432;6.35215016485
2433;10.6254929203
2434;7.99755705869
2435;3.68154329565
2436;30.0845322368
2437;7.73970139048
2438;2.1881570089
2439;18.6289354366
2440;6.45298554712
2441;6.17727370982
2442;2.9580974103
2443;17.3519705034
2444;3.53493431465
2445;41.9306251682
2446;21.4481860247
2447;22.8713804466
2448;31.8359345702
2449;6.12965893068
2450;12.9288989972
2451;5.71266702182
2452;2.10747967907
2453;6.49074011846
2454;5.41384218664
2455;39.8428433729
2456;11.9470020708
2457;23.774439989
2458;3.25514052664
2459;1.671934658
2460;6.35924904594
2461;1.27886757109
2462;98.4863589945
2463;6.85305762469
2464;1.87122128511
2465;2.15304091455
2466;49.2627390089
2467;12.128850903
2468;7.71
2469;66.987920129
2470;4.31828544095
2471;5.32707176111
2472;6.46928205736
2473;2.57443199721
2474;59.9517470031
2475;29.0541707087
2476;3.28870700863
2477;2.69655948503
2478;23.9026063661
2479;3.27792243399
2480;1.7035822047
2481;7.98009554654
2482;12.7522772519
2483;7.87761194036
2484;21.4605750869
2485;47.7807743121
2486;6.73183682168
2487;22.2290145256
2488;7.33247986334
2489;1.08
2490;6.53961046047
2491;69.7154090152
2492;22.9242466598
2493;25.6708628492
2494;8.88019875933
2495;18.6299850482
2496;3.09870922228
2497;1.11459903966
2498;4.25323798409
2499;7.53662621671
2500;2.16919486957
2501;2.81934401025
2502;14.8754784528
2503;3.75507083327
2504;21.0603795267
2505;12.749673514
2506;6.20403348843
2507;1.75989704969
2508;20.9410661091
2509;18.5431279801
2510;23.71
2511;1.80990872541
2512;24.9410667068
2513;15.1667196145
2514;6.66192131345
2515;4.25791823694
2516;47.7309446138
2517;5.40115607322
2518;18.5852304594
2519;18.863325171
2520;17.843651617
2521;3.89556497698
2522;1.73837705
2523;3.40938722058
2524;2.8389466669
2525;19.3915029428
2526;1.5657476929
2527;11.4246370668
2528;1.51240838105
2529;7.77
2530;3.73666025426
2531;79.8873990675
2532;5.12036574407
2533;58.6533140506
2534;15.7287575171
2535;24.7216867935
2536;2.3771475607
2537;7.17460088646
2538;3.68154329565
2539;110.763690944
2540;26.3334331025
2541;18.5852304594
2542;64.1190838689
2543;14.8619761102
2544;18.6433211573
2545;5.73266627321
2546;10.599451364
2547;13.3671619644
2548;1.85183111792
2549;17.307710213
2550;20.1861798748
2551;5.56599132142
2552;8.77114546074
2553;4.24623329857
2554;143.31808541
2555;1.87997598974
2556;17.2842674615
2557;6.2
2558;42.3431842435
2559;2.34285952403
2560;7.33036669621
2561;104.237845166
2562;3.67860771461
2563;37.095271613
2564;3.69132521845
2565;10.2781101009
2566;2.3399360239
2567;2.97176721952
2568;19.2812558461
2569;4.6524198279
2570;2.27339976428
2571;2.624908573
2572;1.27886757109
2573;5.27652475966
2574;1.26295363916
2575;7.53662621671
2576;7.09283283087
2577;3.96552726793
2578;1.69264505612
2579;3.84804046592
2580;2.53137140731
2581;17.2842674615
2582;3.27547856487
2583;575.080168563
2584;15.1667196145
2585;6.36126653972
2586;7.66533219211
2587;5.84720195763
2588;2.65135121777
2589;1.85183111792
2590;4.90128061903
2591;26.3221240944
2592;33.1558401068
2593;27.3593326978
2594;4.97401704028
2595;5.14231315028
2596;7.3095699858
2597;4.74356860473
2598;7.36601968582
2599;7.77593742535
2600;181.946603605
2601;4.70338051992
2602;12.53699116
2603;10.6867839918
2604;19.8206291921
2605;13.3000039714
2606;33.4113621614
2607;8.7767287624
2608;8.72957710848
2609;6.53678010497
2610;25.7355587444
2611;20.2598738052
2612;6.35639841089
2613;481.843465889
2614;7.11512579284
2615;5.93599582352
2616;24.6961145752
2617;2.76175307961
2618;5.94651946236
2619;9.12032982089
2620;3.21756580581
2621;7.37815414893
2622;2.65197590348
2623;23.71
2624;1.81643960853
2625;4.40421779261
2626;2.20825248287
2627;36.7899859901
2628;13.6393191236
2629;2.3855804775
2630;12.2939151593
2631;6.56510255101
2632;17.4868860439
2633;46.2002170793
2634;18.7606219958
2635;2.46376556854
2636;15.1667196145
2637;7.87850836627
2638;8.13
2639;5.32517820556
2640;57.4998213299
2641;2.18951475962
2642;13.5526072414
2643;8.67492197613
2644;5.00382757232
2645;3.87169208201
2646;18.6293974986
2647;4.49080799448
2648;7.58516928614
2649;1.87676109516
2650;9.96750956485
2651;23.9903820424
2652;2.52744011131
2653;3.23838618545
2654;16.5183715771
2655;6.46956582598
2656;9.85314388089
2657;2.1220946953
2658;5.47309800561
2659;14.211809043
2660;18.5270900989
2661;7.57048460139
2662;1.88
2663;21.2006247084
2664;3.88685608996
2665;1.2417993523
2666;2.2198555347
2667;48.2432455896
2668;9.16212710613
2669;8.11304632309
2670;4.8
2671;203.741410593
2672;6.09680191527
2673;1.92916977219
2674;1.46878027984
2675;130.590410631
2676;4.09428794482
2677;8.30247026379
2678;5.07254536126
2679;1.65226185708
2680;3.28870700863
2681;5.57464361047
2682;2.18302196875
2683;7.55055882155
2684;23.1883632594
2685;49.2566006464
2686;6.2
2687;7.73680279686
2688;4.67505650307
2689;5.69260330919
2690;22.3404566102
2691;9.7399948694
2692;1.9160119488
2693;7.72429466096
2694;25.7355587444
2695;3.64484165002
2696;7.42381454532
2697;18.2504075128
2698;26.2868802548
2699;7.47243558503
2700;5.61323312884
2701;22.2331552279
2702;6.36189667099
2703;2.76285406628
2704;22.4159906729
2705;3.9121257863
2706;19.8354988801
2707;3.24754941411
2708;23.2957626617
2709;8.13345546436
2710;3.61991307127
2711;14.0975248349
2712;1.44822622585
2713;6.35119150156
2714;4.60769353943
2715;5.55050384058
2716;102.931427203
2717;23.7231101329
2718;4.54324576033
2719;17.7878553109
2720;155.930124898
2721;60.6157718668
2722;89.7864496273
2723;6.25902704135
2724;16.6355672087
2725;76.3631286983
2726;1.99864212585
2727;6.40621123819
2728;1.73615185046
2729;6.34163447626
2730;4.54921560733
2731;141.56430282
2732;3.83250016313
2733;5.80753431279
2734;3.4066676625
2735;211.41686806
2736;20.1861798748
2737;8.99014399777
2738;2.68424846201
2739;8.71041589714
2740;10.1674266218
2741;5.30739020651
2742;1.49809149318
2743;18.3615725815
2744;20.1271983283
2745;20.8785759844
2746;5.21719892602
2747;4.57538498925
2748;1.85468106364
2749;7.53662621671
2750;39.0331735001
2751;151.075599885
2752;7.25273974277
2753;65.8913527977
2754;6.29485042023
2755;3.77
2756;2.52109020602
2757;6.31915830953
2758;8.29581977573
2759;3.79860540823
2760;2.39825995618
2761;25.015959863
2762;8.88019875933
2763;1.71289991593
2764;1.77618915472
2765;7.56442538566
2766;19.2002517812
2767;11.6619460568
2768;274.202949498
2769;2.24092671468
2770;18.2311766244
2771;6.51127658375
2772;7.24653065499
2773;3.78650941505
2774;40.0897698657
2775;12.6582618523
2776;7.19585603673
2777;18.5765225027
2778;6.66192131345
2779;8.14262667862
2780;7.9320695594
2781;5.76602177118
2782;1.81862704261
2783;18.7385072119
2784;6.17136705302
2785;2.04733987927
2786;22.8713804466
2787;15.9571680711
2788;3.69132521845
2789;5.27378256015
2790;3.74195405016
2791;3.64929855623
2792;8.96054423734
2793;3.69516667326
2794;43.5860006686
2795;4.46587688307
2796;4.88313919066
2797;2.80901521387
2798;23.7025065218
2799;9.80506241461
2800;2.69047314665
2801;5.19828517384
2802;7.0859334072
2803;5.84720195763
2804;1.46521313224
2805;104.237845166
2806;2.2128957652
2807;1.65226185708
2808;41.7170919168
2809;7.31924971047
2810;21.8629773192
2811;31.6277553011
2812;64.3662070977
2813;52.9147054044
2814;6.34853223432
2815;11.3819071798
2816;18.8411030424
2817;6.35131580033
2818;10.7176582546
2819;18.4980611617
2820;74.4650432704
2821;1.99455454832
2822;43.5789730021
2823;7.47230175155
2824;3.28533462286
2825;7.4607620583
2826;39.6746846701
2827;1.74500007668
2828;18.5979893422
2829;3.30520975484
2830;2.15293725235
2831;2.99089902705
2832;1.46081610372
2833;7.73533100088
2834;13.2938796058
2835;4.74356860473
2836;53.9000339016
2837;3.57505575536
2838;28.0836250141
2839;1.99850899524
2840;2.97094538275
2841;3.0664597662
2842;152.252846279
2843;6.29945807566
2844;24.3825970035
2845;12.2572306379
2846;7.67465892231
2847;65.8564254959
2848;18.465709441
2849;2.322979627
2850;58.5176345255
2851;13.9760960704
2852;297.366097779
2853;1.660999816
2854;15.1105280629
2855;12.94644557
2856;6.36338889675
2857;6.60832707676
2858;20.1419737631
2859;4.06277177137
2860;20.0833636228
2861;601.455746424
2862;3.20430500303
2863;2.03381764503
2864;4.60769353943
2865;6.15055092463
2866;6.96158770051
2867;29.1325499803
2868;17.9190204146
2869;10.8934329952
2870;3.57644222186
2871;24.53
2872;14.8066802346
2873;24.9844991521
2874;13.5662869011
2875;1.66688907988
2876;14.3933284104
2877;88.7083634913
2878;55.9581219072
2879;6.0719772929
2880;3.4066676625
2881;1.52280089408
2882;5.19155497818
2883;86.8018913547
2884;79.5746975634
2885;3.71278548754
2886;7.13490968323
2887;20.2161553723
2888;4.76364955386
2889;5.55
2890;67.1277165145
2891;27.20208268
2892;50.5009731451
2893;6.35308619987
2894;7.37122335952
2895;12.3883422898
2896;1.08
2897;42.1100935116
2898;1.08
2899;4.97837976362
2900;344.353233229
2901;1.65226185708
2902;40.5170477723
2903;29.6377181431
2904;49.2467971652
2905;5.10206346935
2906;7.73601321739
2907;7.65203379214
2908;6.35440935528
2909;15.1667196145
2910;25.4583968252
2911;7.98402057707
2912;7.0690209697
2913;4.85532234623
2914;4.99967365808
2915;13.5944966399
2916;5.77062267373
2917;26.0799727401
2918;82.014214017
2919;7.65081794355
2920;24.3426990169
2921;5.13321922552
2922;1.49809149318
2923;3.37178856193
2924;55.9908880298
2925;1.74500007668
2926;17.7550934889
2927;3.52208293324
2928;6.25391355521
2929;9.68279826111
2930;7.57335822854
2931;1.75989704969
2932;27.5025847637
2933;6.29485042023
2934;2.12011672994
2935;3.76574241558
2936;4.69339470229
2937;4.83447584727
2938;4.06679750338
2939;68.9701492728
2940;16.2564021546
2941;8.97726211521
2942;6.35963232915
2943;7.05774118218
2944;3.64484165002
2945;27.100539803
2946;3.24509034416
2947;41.8169465043
2948;23.6900247284
2949;3.61409115123
2950;4.06475187196
2951;42.1100935116
2952;2.20488979551
2953;4.36023001918
2954;22.4947008768
2955;20.290752531
2956;23.5431870334
2957;6.23485503766
2958;5.99042279309
2959;4.96713557181
2960;13.45
2961;35.6903878108
2962;5.22628013242
2963;10.41
2964;184.825458043
2965;6.34921305375
2966;74.7081803746
2967;1.8
2968;53.7738621733
2969;15.1165440412
2970;43.2852914727
2971;61.400469316
2972;5.76602177118
2973;4.37357893059
2974;10.1720666601
2975;7.80882862731
2976;19.9395543002
2977;7.64309715518
2978;18.6190527577
2979;1.5657476929
2980;1.6635305831
2981;6.42490580936
2982;19.8392381403
2983;6.04422654228
2984;36.5704707465
2985;10.0225681852
2986;9.39597999079
2987;8.13
2988;5.22628013242
2989;3.61409115123
2990;3.92165942434
2991;55.9581219072
2992;39.1512757
2993;4.4925455963
2994;5.21719892602
2995;11.7405117367
2996;6.47944280536
2997;31.5443814363
2998;7.77278066457
2999;6.8816315988
3000;15.2361538286
3001;7.75066716551
3002;6.34786729788
3003;144.097150046
3004;1.59
3005;50.676454029
3006;1.11459903966
3007;3.5442336448
3008;4.47205081989
3009;71.8574657594
3010;136.914827541
3011;18.6342452922
3012;8.59275303737
3013;2.8698935131
3014;4.52326183231
3015;6.53312822985
3016;12.3676881175
3017;3.42995057493
3018;5.13741790568
3019;39.7549865926
3020;492.067985628
3021;7.1562067173
3022;4.76519246431
3023;2.1780604981
3024;5.26458085911
3025;5.22628013242
3026;9.88660950763
3027;6.21387505091
3028;42.0239676412
3029;4.5861187278
3030;76.5437308192
3031;2.49382955146
3032;21.7064619893
3033;3.84727428024
3034;2.07667664854
3035;102.804660335
3036;2.0295230683
3037;6.35182370134
3038;59.9210134424
3039;23.71
3040;5.18004310535
3041;4.91468646555
3042;13.0178642804
3043;1.77374355323
3044;6.25987745357
3045;7.29891720984
3046;5.44756407332
3047;67.2591495402
3048;10.9872479938
3049;21.2320552993
3050;8.15966815741
3051;45.6046549445
3052;8.09422019796
3053;5.46508474883
3054;7.25748745695
3055;7.25451378709
3056;27.8059650001
3057;7.15904155697
3058;2.88876868783
3059;29.4012821648
3060;23.580584127
3061;9.96082686692
3062;29.9570820329
3063;4.18817810759
3064;10.9643459073
3065;1.14368050831
3066;1.14368050831
3067;17.0658883891
3068;38.03484739
3069;3.64484165002
3070;3.69132521845
3071;2.09210328951
3072;54.899008649
3073;7.66533219211
3074;7.96326960922
3075;1.99864212585
3076;3.62965167359
3077;5.44756407332
3078;18.6049332721
3079;2.15894948539
3080;1.58776846446
3081;65.3334498261
3082;23.6874188831
3083;41.7325538731
3084;9.64423436873
3085;3.12132717566
3086;1.40478636663
3087;10.4992342171
3088;26.2712339269
3089;49.8577895701
3090;7.00529903326
3091;8.97269110258
3092;3.59114513379
3093;6.30813601287
3094;19.9944162603
3095;3.77
3096;1.58950273775
3097;13.0879757101
3098;8.29581977573
3099;6.40196133028
3100;2.86822211422
3101;249.737471388
3102;6.26134774844
3103;1.1057633351
3104;2.94841200561
3105;3.19
3106;1.94296541436
3107;32.9135205792
3108;19.1932404343
3109;15.1667196145
3110;3.47352733018
3111;6.35999908169
3112;4.70338051992
3113;1.69376681626
3114;161.084835983
3115;20.9626900359
3116;2.5535995745
3117;7.51231135362
3118;4.03886776668
3119;2.77651151584
3120;7.12482508913
3121;20.2598738052
3122;1.84512974026
3123;2.20152324272
3124;18.6039107116
3125;20.8802472822
3126;23.6661439226
3127;6.67898901159
3128;1.33082895412
3129;181.946603605
3130;2.11386998243
3131;7.77
3132;6.35999922827
3133;11.4720851733
3134;1.98260808737
3135;2.54296793747
3136;9.57275308361
3137;16.9220759018
3138;7.14465082735
3139;1.94888864799
3140;11.0590873206
3141;18.6107077715
3142;6.46417565146
3143;1.51571775549
3144;30.9425442959
3145;19.6624324036
3146;3.70969197197
3147;2.81934401025
3148;26.3221240944
3149;1.52820885913
3150;1.36856553518
3151;3.93715389422
3152;23.71
3153;1.60670991649
3154;5.6118541798
3155;7.36601968582
3156;43.2852914727
3157;21.6655300837
3158;1.44055286491
3159;50.592288895
3160;52.3532793025
3161;16.1618890341
3162;3.88218626303
3163;18.6112696167
3164;7.74645017484
3165;2.37729612906
3166;42.3614427363
3167;2.491832679
3168;24.53
3169;6.35153824147
3170;18.569828102
3171;23.9026063661
3172;1.08
3173;1.97899477799
3174;5.04806204719
3175;18.5801775473
3176;1.6877322485
3177;6.00577890647
3178;16.2833272956
3179;30.9425442959
3180;6.2711476591
3181;10.9741518367
3182;32.9539802711
3183;17.0439305382
3184;1.84512974026
3185;1.08020338057
3186;14.9494277358
3187;8.42647747549
3188;16.3456963385
3189;2.59522396357
3190;9.47500027018
3191;42.6393729548
3192;2.90565857631
3193;9.69693344246
3194;2.12198232889
3195;58.25345157
3196;23.7025065218
3197;14.0782314798
3198;2.99133810096
3199;42.050458689
3200;6.72713163618
3201;372.95494216
3202;1.37688154456
3203;3.58267866147
3204;6.18885009607
3205;8.79579030158
3206;99.4411774992
3207;5.1582238019
3208;13.136430799
3209;3.4066676625
3210;17.3519705034
3211;8.01286739885
3212;41.030175693
3213;6.34667719086
3214;4.22980783042
3215;4.74356860473
3216;6.72056315677
3217;4.47559740933
3218;3.31932989536
3219;8.81955953928
3220;11.5104180116
3221;7.9320695594
3222;6.40190964416
3223;10.1674266218
3224;18.3615725815
3225;2.28959292017
3226;6.7703428709
3227;7.68479401563
3228;4.63992529633
3229;3.85258105492
3230;18.2895793193
3231;5.03336700086
3232;16.6906689842
3233;4.62780163774
3234;92.1555019413
3235;27.4659999399
3236;6.34616999474
3237;40.4439536028
3238;9.89367299954
3239;2.27182168265
3240;33.9264577303
3241;2.68311667947
3242;12.11
3243;7.77278066457
3244;18.6241587092
3245;1.73896495499
3246;4.2883843558
3247;14.0832885948
3248;17.4826316545
3249;13.5662869011
3250;9.94310557367
3251;36.4678475099
3252;6.58983008737
3253;11.1023744361
3254;1.95
3255;4.37629394388
3256;2.15894948539
3257;7.16201843319
3258;1.9243329087
3259;18.1511130488
3260;30.0379360305
3261;19.2573047559
3262;25.6272575671
3263;3.64484165002
3264;44.0033424228
3265;7.44296837168
3266;6.3162061971
3267;6.12587616789
3268;13.45
3269;208.369523652
3270;7.44415373278
3271;242.66662998
3272;6.02883744341
3273;55.7172639466
3274;6.3912217587
3275;7.66133740353
3276;6.21107206382
3277;7.17654075208
3278;5.59426600791
3279;16.5632744523
3280;25.015959863
3281;1.86674572565
3282;18.2631206935
3283;1.99465030226
3284;5.02317918544
3285;6.1377170004
3286;34.3789184594
3287;41.030175693
3288;133.425507164
3289;5.88455619569
3290;15.1667196145
3291;1.42182801416
3292;9.60563269304
3293;130.111088715
3294;3.67640869088
3295;7.98009554654
3296;21.641654831
3297;12.0384762946
3298;14.7139120769
3299;19.6702543486
3300;2.39616161117
3301;6.35124548485
3302;19.820123111
3303;27.9418549812
3304;3.0105776438
3305;7.89503806937
3306;6.35999922827
3307;4.31964841534
3308;3.81308827199
3309;3.30520975484
3310;3.23425589184
3311;1.83962412554
3312;3.22257206092
3313;2.48609866269
3314;6.34677322511
3315;10.9705485521
3316;103.564756168
3317;29.3198883219
3318;2.25368554673
3319;7.21540412824
3320;21.5265689912
3321;0.987114341162
3322;7.39093350491
3323;19.7699915958
3324;7.81816882726
3325;3.48676648422
3326;21.4605750869
3327;51.0696752067
3328;16.4977499952
3329;28.1824348925
3330;91.829630108
3331;1.5762531999
3332;27.9612545729
3333;34.1305652972
3334;7.47230175155
3335;54.4470422681
3336;6.95559708176
3337;19.4898083213
3338;18.5928372752
3339;39.3474595352
3340;3.77
3341;7.18095434524
3342;5.18801981907
3343;16.9365732875
3344;21.9881092917
3345;10.5295632407
3346;5.53514809327
3347;1.83972566861
3348;14.7352880002
3349;29.4663879705
3350;1.83962412554
3351;2.65401549259
3352;3.14136852414
3353;3.35908233453
3354;1.72006627366
3355;10.3124386671
3356;8.67395371721
3357;15.1165440412
3358;8.99014399777
3359;1.97084306789
3360;6.26334851407
3361;13.6673987617
3362;17.2842674615
3363;6.23613095732
3364;10.7176582546
3365;3.94
3366;6.79934661567
3367;55.3754277875
3368;26.131414712
3369;9.21708290554
3370;3.69729284351
3371;14.0197004506
3372;6.46876670992
3373;5.89207297905
3374;4.08908618731
3375;27.8387579663
3376;1.37688154456
3377;3.05155641168
3378;5.09043356942
3379;403.275606061
3380;7.444080564
3381;120.697793158
3382;7.27981364082
3383;2.54686883188
3384;2.68272102316
3385;18.569828102
3386;3.55331034762
3387;23.9491483867
3388;2.58431671832
3389;6.9932695067
3390;14.657223027
3391;2.18825535066
3392;111.44182999
3393;60.0117404821
3394;3.94741545099
3395;7.22781778969
3396;18.6247571638
3397;23.71
3398;4.82
3399;58.25345157
3400;1.95168995949
3401;9.81411361073
3402;7.61696015701
3403;1.93167096617
3404;3.13685659048
3405;1.08
3406;17.7818486774
3407;8.31341349177
3408;10.7354147569
3409;7.44296837168
3410;45.1580993194
3411;2.46214395981
3412;7.79176279947
3413;10.4070277295
3414;1.5837290295
3415;7.09283283087
3416;29.9830465297
3417;1.90010104447
3418;2.20825248287
3419;11.6051696574
3420;6.35366724332
3421;10.419562007
3422;5.2091465765
3423;29.3224434933
3424;8.27169775457
3425;10.8036593464
3426;6.72713163618
3427;6.20403348843
3428;4.74205954697
3429;26.7292461505
3430;15.2567663648
3431;7.66533219211
3432;6.51189067425
3433;1.53799672552
3434;5.22628013242
3435;5.74558388878
3436;1.77623772775
3437;3.02993043638
3438;6.93171754717
3439;2.18780306053
3440;13.408292533
3441;44.9132992549
3442;6.91448686872
3443;3.28728091727
3444;44.5906064187
3445;3.11589176215
3446;23.7404872671
3447;2.25116948351
3448;41.7170919168
3449;5.27652475966
3450;8.06439722864
3451;6.35973373272
3452;6.35642124641
3453;5.18683037956
3454;8.81955953928
3455;18.465709441
3456;2.29222804184
3457;54.8558836337
3458;6.1862688361
3459;79.5746975634
3460;4.76519246431
3461;1.51346334399
3462;5.44139174831
3463;8.37166429995
3464;3.5600365256
3465;96.6141436548
3466;15.865453199
3467;15.5685243382
3468;4.73152031786
3469;6.35996305342
3470;1.68403525419
3471;27.5025847637
3472;5.5452452754
3473;13.5464385007
3474;23.274394867
3475;11.493479771
3476;5.91531688406
3477;6.06369957424
3478;19.4229360641
3479;7.46688980908
3480;30.6656225886
3481;23.6874188831
3482;7.19023460732
3483;42.7794766311
3484;5.25119960832
3485;5.81177483143
3486;4.44450526724
3487;6.33502347533
3488;6.11515741303
3489;14.4257979925
3490;7.96676535742
3491;32.3937237061
3492;2.5119088205
3493;12.1015420317
3494;7.77
3495;18.6918800466
3496;39.5944718787
3497;3.69917952292
3498;18.5483675814
3499;6.46956582598
3500;1.46878027984
3501;4.12984580635
3502;5.89981467421
3503;6.36263149498
3504;63.9674152454
3505;5.34054204909
3506;7.32964264978
3507;10.3874504144
3508;4.57743845671
3509;18.6718028031
3510;18.6265346908
3511;5.78579623282
3512;6.56955926342
3513;20.1419737631
3514;2.19611281165
3515;216.477515545
3516;4.46587688307
3517;5.93862395035
3518;10.1250166124
3519;11.6854052486
3520;16.6357244582
3521;26.2868802548
3522;2.87314038965
3523;4.05597443762
3524;33.2117890106
3525;8.75366199451
3526;2.05125242724
3527;144.93
3528;3.24988918962
3529;1.08
3530;18.6298179292
3531;28.9305420849
3532;2.60736871417
3533;168.618768348
3534;4.67562473266
3535;46.8548805467
3536;5.48630893267
3537;17.7714080703
3538;2.5922987087
3539;3.28044849488
3540;6.75518050098
3541;63.305515859
3542;17.2842674615
3543;23.7197053932
3544;6.5786150365
3545;13.2287151498
3546;18.3615725815
3547;12.2572306379
3548;4.91402231393
3549;1.08
3550;1.91282433884
3551;6.46286085013
3552;2.15894948539
3553;39.8332031963
3554;5.0779387519
3555;27.0341602647
3556;23.0305923008
3557;2.33434652264
3558;39.3263278317
3559;6.09256471316
3560;58.6301539329
3561;1.62199172078
3562;3.72683762689
3563;9.85869302004
3564;1.46521313224
3565;5.90015787106
3566;3.35908233453
3567;29.0246885856
3568;14.1793356007
3569;9.24942103717
3570;22.8725424013
3571;1.42182827949
3572;7.85442953036
3573;18.7438177777
3574;3.99667490364
3575;7.342071523
3576;17.4869385092
3577;6.44290625102
3578;25.7355587444
3579;7.5531670356
3580;4.30448457619
3581;14.0832885948
3582;9.28035312753
3583;403.272433254
3584;2.06556114603
3585;7.93273762769
3586;24.4543800721
3587;1.75050472539
3588;4.76519246431
3589;23.7197053932
3590;15.3515125503
3591;15.19581631
3592;7.81176358982
3593;7.79049121935
3594;18.4518989496
3595;16.9220759018
3596;7.53330968176
3597;5.81036239889
3598;1.77541616438
3599;18.6107077715
3600;7.11417965121
3601;26.256944807
3602;2.18426500128
3603;5.30345547882
3604;3.49008641737
3605;4.77842591212
3606;3.07439675431
3607;4.76519246431
3608;22.1582869088
3609;24.3825970035
3610;6.35999916634
3611;21.926598034
3612;4.97837976362
3613;6.57211056371
3614;3.02705185203
3615;54.717116262
3616;4.36385363908
3617;1.37738343183
3618;5.82222569017
3619;1.52964687691
3620;6.4621662966
3621;32.1422277019
3622;7.4
3623;18.3637290601
3624;6.35366724332
3625;14.474465718
3626;31.1633224703
3627;10.5786596061
3628;1.59673838877
3629;2.15293725235
3630;13.7754016638
3631;6.31298024359
3632;8.46099742891
3633;5.17323247073
3634;6.7192722546
3635;2.47991232103
3636;17.0927523907
3637;25.3987042713
3638;3.64366745788
3639;6.91239771755
3640;23.7720580715
3641;5.76831007913
3642;16.2984329831
3643;3.36171384478
3644;8.10953781492
3645;5.91696916001
3646;9.36748287307
3647;37.4710117869
3648;53.92
3649;1.88
3650;6.66278336995
3651;23.2571573976
3652;6.31050826551
3653;102.804660335
3654;12.2957821063
3655;7.73134743286
3656;6.25902704135
3657;1.2417993523
3658;18.7385072119
3659;5.09055278596
3660;147.094314503
3661;64.0831607718
3662;14.0066673465
3663;38.3783125267
3664;24.4907065763
3665;69.1713973157
3666;53.92
3667;4.14989956667
3668;39.1722910382
3669;7.63422018871
3670;69.4852942951
3671;5.58752163723
